


Number:   0    1    2    3    4    5    6    7    8    9 
Data:   -30  -30  -30  -30  -30  -30  -30  -30  -30  -30 
Next:     0    2    3    4    5    6    7    8    9    0 
Prev:     1   -1   -1   -1   -1   -1   -1   -1   -1   -1 
Size: 10
Free: 1






Number:   0    1    2    3    4    5    6    7    8    9 
Data:   -30   20  -30  -30  -30  -30  -30  -30  -30  -30 
Next:     1    0    3    4    5    6    7    8    9    0 
Prev:     1    0   -1   -1   -1   -1   -1   -1   -1   -1 
Size: 10
Free: 2






Number:   0    1    2    3    4    5    6    7    8    9 
Data:   -30   20   30  -30  -30  -30  -30  -30  -30  -30 
Next:     2    2    0    4    5    6    7    8    9    0 
Prev:     1    0    1   -1   -1   -1   -1   -1   -1   -1 
Size: 10
Free: 3






Number:   0    1    2    3    4    5    6    7    8    9 
Data:   -30   20   30   40  -30  -30  -30  -30  -30  -30 
Next:     3    2    3    0    5    6    7    8    9    0 
Prev:     1    0    1    2   -1   -1   -1   -1   -1   -1 
Size: 10
Free: 4






Number:   0    1    2    3    4    5    6    7    8    9 
Data:   -30   20   30   40   10  -30  -30  -30  -30  -30 
Next:     3    2    3    0    1    6    7    8    9    0 
Prev:     4    4    1    2    0   -1   -1   -1   -1   -1 
Size: 10
Free: 5






Number:   0    1    2    3    4    5    6    7    8    9 
Data:   -30   20   30   40   10   50  -30  -30  -30  -30 
Next:     5    2    3    5    1    0    7    8    9    0 
Prev:     4    4    1    2    0    3   -1   -1   -1   -1 
Size: 10
Free: 6






Number:   0    1    2    3    4    5    6    7    8    9 
Data:   -30   20   30   40   10   50   60  -30  -30  -30 
Next:     6    2    3    5    1    6    0    8    9    0 
Prev:     4    4    1    2    0    3    5   -1   -1   -1 
Size: 10
Free: 7






Number:   0    1    2    3    4    5    6    7    8    9 
Data:   -30   20   30   40   10   50   60   70  -30  -30 
Next:     7    2    3    5    1    6    7    0    9    0 
Prev:     4    4    1    2    0    3    5    6   -1   -1 
Size: 10
Free: 8






Number:   0    1    2    3    4    5    6    7    8    9 
Data:   -30   20   30   40   10   50   60  -70  -30  -30 
Next:     7    2    3    5    1    6    0    8    9    0 
Prev:     4    4    1    2    0    3    5   -1   -1   -1 
Size: 10
Free: 7



